<?xml version="1.0"?>
<opencv_storage>
<D1 type_id="opencv-matrix">
  <rows>1</rows>
  <cols>5</cols>
  <dt>d</dt>
  <data>
    4.5550638399444329e-02 -1.2531526131836672e+00 0. 0.
    8.1636844079314717e+00</data></D1>
</opencv_storage>
