<?xml version="1.0"?>
<opencv_storage>
<D2 type_id="opencv-matrix">
  <rows>1</rows>
  <cols>5</cols>
  <dt>d</dt>
  <data>
    1.7812176465173417e-03 -3.7067527244012310e-01 0. 0.
    3.0134325297072331e+00</data></D2>
</opencv_storage>
