<?xml version="1.0"?>
<opencv_storage>
<M1 type_id="opencv-matrix">
  <rows>3</rows>
  <cols>3</cols>
  <dt>d</dt>
  <data>
    8.1523558997529415e+02 0. 3.0073034082007194e+02 0.
    8.1523558997529415e+02 2.2502414871385812e+02 0. 0. 1.</data></M1>
</opencv_storage>
