<?xml version="1.0"?>
<opencv_storage>
<M2 type_id="opencv-matrix">
  <rows>3</rows>
  <cols>3</cols>
  <dt>d</dt>
  <data>
    8.1523558997529415e+02 0. 2.9973058661142124e+02 0.
    8.1523558997529415e+02 2.2410178771491900e+02 0. 0. 1.</data></M2>
</opencv_storage>
