<?xml version="1.0"?>
<opencv_storage>
<P1 type_id="opencv-matrix">
  <rows>3</rows>
  <cols>4</cols>
  <dt>d</dt>
  <data>
    8.1523558997529415e+02 0. 2.9864333343505859e+02 0. 0.
    8.1523558997529415e+02 2.2564544868469238e+02 0. 0. 0. 1. 0.</data></P1>
</opencv_storage>
