<?xml version="1.0"?>
<opencv_storage>
<P2 type_id="opencv-matrix">
  <rows>3</rows>
  <cols>4</cols>
  <dt>d</dt>
  <data>
    8.1523558997529415e+02 0. 2.9154505157470703e+02
    -6.0585206584711032e+03 0. 8.1523558997529415e+02
    2.2564544868469238e+02 0. 0. 0. 1. 0.</data></P2>
</opencv_storage>
