<?xml version="1.0"?>
<opencv_storage>
<Q type_id="opencv-matrix">
  <rows>4</rows>
  <cols>4</cols>
  <dt>d</dt>
  <data>
    1. 0. 0. -2.9864333343505859e+02 0. 1. 0. -2.2564544868469238e+02 0.
    0. 0. 8.1523558997529415e+02 0. 0. -1.3456017333792880e-01
    -9.5514603753038196e-01</data></Q>
</opencv_storage>
