<?xml version="1.0"?>
<opencv_storage>
<R1 type_id="opencv-matrix">
  <rows>3</rows>
  <cols>3</cols>
  <dt>d</dt>
  <data>
    9.9963719450255173e-01 -2.6200255947549145e-02
    6.2470757439318679e-03 2.6057274506341672e-02 9.9941911416004214e-01
    2.1964805868885103e-02 -6.8189304416940780e-03
    -2.1794055149043947e-02 9.9973922667253168e-01</data></R1>
</opencv_storage>
