<?xml version="1.0"?>
<opencv_storage>
<R2 type_id="opencv-matrix">
  <rows>3</rows>
  <cols>3</cols>
  <dt>d</dt>
  <data>
    9.9993470948402507e-01 -3.5748080084240848e-03
    1.0853456444893049e-02 3.8114449417923544e-03 9.9975375253424825e-01
    -2.1861088288209044e-02 -1.0772634615263276e-02
    2.1901028318142786e-02 9.9970210327979903e-01</data></R2>
</opencv_storage>
